[Variables]
nozzle_expansion_applied_offset = 0.15120000000205147
nozzle_expansion_coefficient = 0.07000000000094975

