[Variables]
nozzle_expansion_applied_offset = 0.12075000000163832
nozzle_expansion_coefficient = 0.07000000000094975

