[Variables]
nozzle_expansion_applied_offset = 0.14490000000196598
nozzle_expansion_coefficient = 0.07000000000094975

