[Variables]
nozzle_expansion_applied_offset = 0.03000000000062726
nozzle_expansion_coefficient = 0.05000000000104543

