[Variables]
nozzle_expansion_applied_offset = 0.08625000000180337
nozzle_expansion_coefficient = 0.05000000000104543

