[Variables]
nozzle_expansion_applied_offset = 0.07475000000156293
nozzle_expansion_coefficient = 0.05000000000104543

