[Variables]
nozzle_expansion_applied_offset = 0.040000000000836346
nozzle_expansion_coefficient = 0.05000000000104543

