[Variables]
nozzle_expansion_applied_offset = 0.09000000000188178
nozzle_expansion_coefficient = 0.05000000000104543

