[Variables]
nozzle_expansion_applied_offset = 0.06000000000125452
nozzle_expansion_coefficient = 0.05000000000104543

